fc=157.542e6;
fs=3*fc;
p1=100e6/fs;
p2=130e6/fs;
p3=180e6/fs;
p4=220e6/fs;